11.71
11.51
11.65
11.41
11.29
11.45
11.53
11.42
11.83
11.58
11.53
11.56
11.70
11.51
11.52
11.52
11.34
11.59
11.36
11.37
11.51
11.59
11.50
11.48
11.48
11.51
11.51
11.57
11.56
11.39
11.51
11.50
11.46
11.51
11.54
11.51
11.43
11.44
11.60
11.51
11.50
11.51
11.53
11.60
11.60
11.60
11.60
11.55
11.63
11.62
11.56
11.37
11.56
11.47
11.61
11.42
11.58
11.40
11.66
11.55
11.38
11.70
11.47
11.45
11.51
11.58
11.39
11.45
11.58
11.55
11.57
11.50
11.51
11.23
11.47
11.27
11.27
11.49
11.30
11.37
11.51
11.46
11.31
11.23
11.50
11.58
11.54
11.47
11.49
11.48
11.47
11.77
11.45
11.66
11.60
11.49
11.22
11.43
11.36
11.36