1.1659
1.1642
1.1643
1.1631
1.1632
1.1634
1.1648
1.1632
1.1627
1.1641
1.1638
1.1633
1.1636
1.1635
1.1628
1.1627
1.1633
1.1633
1.1655
1.166
1.1628
1.163
1.1633
1.1633
1.1634
1.1635
1.1635
1.1631
1.1632
1.1632
1.1634
1.1632
1.1632
1.1636
1.163
1.1634
1.1618
1.1644
1.1628
1.1645
1.1638
1.1631
1.1631
1.1628
1.1633
1.1631
1.1627
1.1633
1.1631
1.1632
1.1633
1.1624
1.1633
1.163
1.1634
1.1631
1.163
1.1632
1.163
1.163
1.1629
1.163
1.1629
1.1627
1.1632
1.1632
1.1626
1.163
1.1629
1.1633
1.1627
1.1628
1.1629
1.1627
1.1627
1.163
1.1629
1.163
1.1626
1.1627
1.1629
1.1627
1.1628
1.1629
1.1628
1.1628
1.1623
1.1625
1.1636
1.1618
1.1633
1.163
1.1631
1.1632
1.1634
1.1626
1.1622
1.1624
1.1626
1.168