11.47
11.48
11.47
11.25
11.25
11.35
11.41
11.37
11.66
11.40
11.53
11.84
11.47
11.44
11.44
11.37
11.31
11.40
11.43
11.28
11.40
11.47
11.47
11.47
11.38
11.40
11.44
11.53
11.53
11.47
11.53
11.72
11.44
11.57
11.63
11.35
11.41
11.60
11.50
11.60
11.32
11.37
11.12
11.37
11.59
11.56
11.41
11.42
11.38
11.55
11.37
11.62
11.40
11.63
11.65
11.75
11.62
11.50
11.75
11.40
11.50
11.53
11.75
11.50
11.44
11.37
11.44
11.38
11.60
11.59
11.34
11.59
11.41
11.29
11.25
11.50
11.37
11.68
11.31
11.47
11.50
11.28
11.41
11.28
11.57
11.62
11.56
11.40
11.56
11.53
11.44
11.59
11.56
11.75
11.78
11.38
11.40
11.37
11.38
11.43